*15999999999 214012280 0221117 155 55
1110120-999909 27201  4601115  521  2
1010000  10801 26201  4401115  611  3
04 9450-999909-99909-99909125  611  4
02 9430  61806 21201   301-99-9909  5
04 9270-999909-99909-99909125  821  6
10 9250  79001 20401  2401125  821  7
02 8870 114906 18601  5001-99-9909  8
04 8670-999909-99909-99909110  911  9
10 8500 151701 16001  1201 95  711 10
02 8380 163706 15601  1901 90  721 11
02 8290 172906 16601 11001-99-9909 12
04 8210-999909-99909-99909115  521 13
02 8040 198806 16001 15001-99-9909 14
02 7950 208206 15401  8001-99-9909 15
02 7790 225506 16001 18001-99-9909 16
02 7690 236406 15401 13001-99-9909 17
02 7570 249606 15201 20001-99-9909 18
10 7000 315901 11401 21001335  021 19
04 6810-999909-99909-99909  0  011 20
02 6760 344906 10201 19001-99-9909 21
02 6000 442306  2401 13001-99-9909 22
02 5870 460006  1401 18001-99-9909 23
02 5720 480806   201 11001-99-9909 24
04 5680-999909-99909-99909205  711 25
02 5450-999909 -1701 26001-99-9909 26
02 5170-999909 -4501 18001-99-9909 27
04 5080-999909-99909-99909245  221 28
02 5010-999909 -4701 23001-99-9909 29
10 5000 588001 -4901 23001290  411 30
04 4870-999909-99909-99909300  521 31
04 4500-999909-99909-99909285  811 32
02 4330 699106-13901 16001-99-9909 33
04 4270-999909-99909-99909295 1021 34
02 4180 726206-14101 23001-99-9909 35
04 4070-999909-99909-99909240 1021 36
10 4000 759001-16301 25001250 1011 37
04 3870-999909-99909-99909270 1021 38
02 3530 852106-20901 35001-99-9909 39
04 3470-999909-99909-99909280 1211 40
04 3340-999909-99909-99909260 1311 41
10 3000 970001-30501 25001255 1321 42
04 2920-999909-99909-99909255 1321 43
02 2910 991506-32701 22001-99-9909 44
02 27101041506-35101 29001-99-9909 45
04 2610-999909-99909-99909230 1911 46
10 25001097001-39701 27001240 1811 47
02 24001124706-41901 26001-99-9909 48
04 2110-999909-99909-99909260 1321 49
02 20901216906-49101-99909-99-9909 50
25-9-9-9-9-9-99909 096 89999999999 51
ASTRAWXWXCSATEFLY   -9999-99999999 52
-9999-9999 200012460-9999120  6230 53
  310110 2110115  6 84999999999999 54
0213612278015542021381228102102399 55
*15999999999 215012210 0221117 2 1 47
1110130-999909 27201  6001120  611  2
1010000  11401 26201  4801120  621  3
04 9540-999909-99909-99909115  521  4
02 9530  53306 22201  1601-99-9909  5
02 9360  68906 21601  5001-99-9909  6
10 9250  79701 20801  4601115  621  7
04 8720-999909-99909-99909105  921  8
10 8500 152401 16601  4801120  721  9
02 8270 175606 16401 14001-99-9909 10
04 8160-999909-99909-99909 95  511 11
02 8060 197406 15801 14001-99-9909 12
02 7940 210106 15401  9001-99-9909 13
02 7870 217606 15801 14001-99-9909 14
02 7520 256006 14801 20001-99-9909 15
04 7020-999909-99909-99909300  021 16
10 7000 316501 11401 20001270  021 17
02 6590 366406  8001 15001-99-9909 18
02 6370 394306  6401 19001-99-9909 19
02 6030 438806  2601 11001-99-9909 20
04 6020-999909-99909-99909205  511 21
02 5760 475906   801 21001-99-9909 22
02 5090-999909 -3901 23001-99-9909 23
10 5000 588001 -5101 22001275  321 24
04 4760-999909-99909-99909290  711 25
04 4520-999909-99909-99909265  621 26
02 4170 727606-15901 13001290 1111 27
02 4040 752106-15301 28001250 1011 28
10 4000 760001-15901 27001255 1011 29
04 3660-999909-99909-99909280 1211 30
04 3550-999909-99909-99909265 1121 31
02 3530 853106-21301 35001-99-9909 32
10 3000 970001-30701 22001260 1311 33
04 2900-999909-99909-99909255 1321 34
02 2890 996306-33301 22001-99-9909 35
02 27101041506-34901 30001-99-9909 36
04 2660-999909-99909-99909235 1721 37
10 25001098001-39701 26001235 1521 38
02 24001125706-41901 24001-99-9909 39
04 2220-999909-99909-99909245 1311 40
04 2110-999909-99909-99909260 1321 41
02 20901218206-48101-99909-99-9909 42
25-9-9-9-9-9-99909 096 89999999999 43
ASTRAWXWXCSATEFLY   -9999-99999999 44
-9999-9999 200012460-9999115  6235 45
  310120 2110120  6 83999999999999 46
0214812208020156021501221102162799 47
*15999999999 215012340 0221117 149 50
1110130-999909 27201  4501130  611  2
1010000  11601 26201  4401130  711  3
04 9880-999909-99909-99909125  721  4
04 9500-999909-99909-99909125  621  5
02 9460  59806 21401   501-99-9909  6
04 9300-999909-99909-99909130  911  7
02 9260  78406 21001  4701-99-9909  8
10 9250  79901 20801  4601130  911  9
10 8500 152701 16601  3301100  521 10
02 8270 175906 16201  7001-99-9909 11
02 8090 194506 16001 16001-99-9909 12
04 8050-999909-99909-99909110  511 13
02 7980 206106 15001 17001-99-9909 14
02 7890 215506 14001  7001-99-9909 15
02 7480 260706 14601 19001-99-9909 16
10 7000 316801 11001 14001 25  111 17
04 6810-999909-99909-99909210  021 18
02 6690 354306  9401 17001-99-9909 19
02 6140 424506  4401 17001-99-9909 20
02 5980 445806  2401 11001-99-9909 21
02 5740 478806   601 19001-99-9909 22
02 5610 497106  -701 11001-99-9909 23
04 5600-999909-99909-99909215  621 24
02 5460-999909 -1301 26001-99-9909 25
02 5160-999909 -4901 16001-99-9909 26
04 5110-999909-99909-99909235  321 27
10 5000 589001 -5701 19001290  521 28
04 4980-999909-99909-99909295  521 29
02 4950 596806 -5901 21001-99-9909 30
04 4490-999909-99909-99909280  921 31
02 4320 701606-14301 16001-99-9909 32
04 4260-999909-99909-99909295 1121 33
04 4050-999909-99909-99909245 1111 34
10 4000 760001-16301 25001250 1021 35
04 3880-999909-99909-99909265 1111 36
02 3510 857206-21501 33001-99-9909 37
04 3410-999909-99909-99909280 1311 38
10 3000 970001-30701 23001265 1411 39
02 27501031306-34301 29001-99-9909 40
04 2690-999909-99909-99909235 2011 41
10 25001098001-39901 26001240 1921 42
02 23901128506-42101 26001-99-9909 43
04 2110-999909-99909-99909265 1511 44
02 20901217906-48901-99909-99-9909 45
25-9-9-9-9-9-99909 096 89999999999 46
ASTRAWXWXCSATEFLY   -9999-99999999 47
-9999-9999 200012460-9999130  7240 48
  410120 2110130  7 85999999999999 49
0215412344014950021561234802045099 50
*15999999999 217012390 0221117 145 56
1110130-999909 27001  3601130  521  2
1010000  11801 25801  3301125  621  3
04 9540-999909-99909-99909130  621  4
02 9460  60006 21401   801-99-9909  5
04 9320-999909-99909-99909130  911  6
10 9250  80101 21401  4901130  811  7
02 9230  81906 21401  5001-99-9909  8
04 8930-999909-99909-99909125  611  9
10 8500 152901 16601  2401 95  621 10
02 8150 188406 14801  3601-99-9909 11
02 8030 201006 14801  6001-99-9909 12
02 7910 213706 15001 18001-99-9909 13
02 7640 243006 14201 11001-99-9909 14
02 7500 258606 14401 18001-99-9909 15
02 7160 297306 12201 19001-99-9909 16
10 7000 316901 10801 12001300  121 17
02 6990 318006 10801 12001-99-9909 18
02 6890 330006 10401 18001-99-9909 19
02 6820 338506  9801 12001-99-9909 20
02 6710 351906  9401 18001-99-9909 21
02 6150 423306  4601 18001-99-9909 22
02 6020 440606  3201 11001-99-9909 23
02 5860 462406  2001 18001-99-9909 24
04 5800-999909-99909-99909230  521 25
04 5670-999909-99909-99909215  611 26
02 5550 505706 -1501 12001-99-9909 27
02 5450-999909 -1501 24001-99-9909 28
02 5270-999909 -3701 14001-99-9909 29
04 5070-999909-99909-99909235  311 30
10 5000 589001 -6101 18001280  421 31
04 4970-999909-99909-99909285  511 32
02 4820 617606 -7101 21001-99-9909 33
04 4550-999909-99909-99909280 1011 34
02 4360 694606-13501 17001-99-9909 35
04 4290-999909-99909-99909295 1221 36
04 4060-999909-99909-99909245 1211 37
10 4000 760001-16501 25001250 1121 38
04 3890-999909-99909-99909265 1121 39
04 3700-999909-99909-99909260 1221 40
02 3470 865606-22301 34001-99-9909 41
04 3400-999909-99909-99909280 1411 42
04 3260-999909-99909-99909265 1511 43
10 3000 970001-30901 23001265 1511 44
04 2980-999909-99909-99909265 1511 45
02 27001044006-35301 29001-99-9909 46
04 2660-999909-99909-99909240 2021 47
10 25001098001-39901 26001240 2021 48
02 24001125706-42301 25001-99-9909 49
04 2110-999909-99909-99909265 1611 50
02 20901217906-48901-99909-99-9909 51
25-9-9-9-9-9-99909 096 89999999999 52
ASTRAWXWXCSATEFLY   -9999-99999999 53
-9999-9999 200012460-9999130  6245 54
  410130 2110125  6 80999999999999 55
0216812395014517021701239902000099 56
*15999999999 221012470 0221117 137 58
1110140-999909 26001  2601-99-9909  2
0410120-999909-99909-99909105  511  3
0410070-999909-99909-99909 95  521  4
1010000  12001 25001  1901105  511  5
04 9750-999909-99909-99909120  511  6
04 9520-999909-99909-99909145  721  7
10 9250  80201 20201  1201145  821  8
04 9040-999909-99909-99909135 1021  9
10 8500 152801 16201   201130  521 10
04 8200-999909-99909-99909100  721 11
02 7870 217706 13601   001-99-9909 12
04 7710-999909-99909-99909105  511 13
02 7680 238406 14001 10001-99-9909 14
02 7470 261506 12801  9001-99-9909 15
02 7370 273006 13201 17001-99-9909 16
10 7000 316701 10801 11001295  321 17
02 6920 326206 10201 10001-99-9909 18
02 6540 372806  7601 10001-99-9909 19
04 6510-999909-99909-99909295  511 20
02 6420 388106  7201 17001-99-9909 21
02 6360 395806  6801 13001-99-9909 22
04 6240-999909-99909-99909295  511 23
02 6060 435206  4401 20001-99-9909 24
04 6010-999909-99909-99909260  621 25
02 5860 462206  2201 13001-99-9909 26
04 5620-999909-99909-99909225  711 27
02 5450-999909 -1501 27001-99-9909 28
02 5350-999909 -2901 16001-99-9909 29
04 5240-999909-99909-99909240  411 30
04 5140-999909-99909-99909235  511 31
02 5090-999909 -5701 15001-99-9909 32
04 5010-999909-99909-99909275  811 33
10 5000 589001 -5501 23001275  811 34
02 4900 604806 -6101 22001-99-9909 35
04 4870-999909-99909-99909285 1021 36
04 4590-999909-99909-99909275 1221 37
04 4290-999909-99909-99909290 1411 38
02 4250 714106-14901 17001-99-9909 39
04 4050-999909-99909-99909250 1311 40
10 4000 760001-16101 26001260 1221 41
02 3970 765606-16301 27001-99-9909 42
04 3840-999909-99909-99909270 1411 43
04 3630-999909-99909-99909260 1421 44
02 3440 871906-23101 33001-99-9909 45
04 3370-999909-99909-99909280 1621 46
10 3000 970001-30701 24001270 1721 47
02 27401033806-34301 28001-99-9909 48
04 2720-999909-99909-99909245 2221 49
10 25001098001-39501 27001245 2211 50
02 24001125706-41901 25001-99-9909 51
04 2120-999909-99909-99909270 1821 52
02 20901218106-48701-99909-99-9909 53
25-9-9-9-9-9-99909 096 89999999999 54
ASTRAWXWXCSATEFLY   -9999-99999999 55
-9999-9999 200012470   16115  5245 56
  510120 2120-99-99-99999999999999 57
0221012467013750022121247301523299 58
*15999999999 230012510 0221117 128 52
1110140-999909 26601  3401110  811  2
0410070-999909-99909-99909105 1011  3
1010000  12101 25401  3001115 1011  4
04 9700-999909-99909-99909115  911  5
02 9550  52006 21601   401-99-9909  6
04 9540-999909-99909-99909115 1121  7
10 9250  80201 20401  2601120  911  8
04 9140-999909-99909-99909120  911  9
02 9000 103706 19601  3601-99-9909 10
04 8900-999909-99909-99909150  511 11
04 8730-999909-99909-99909140  511 12
10 8500 153001 16001  1801160  611 13
04 8160-999909-99909-99909190  521 14
04 7860-999909-99909-99909175  921 15
02 7780 227406 12001   201-99-9909 16
02 7630 243806 12201  2601-99-9909 17
04 7600-999909-99909-99909200  711 18
02 7500 258206 12201 10001-99-9909 19
04 7390-999909-99909-99909240  511 20
04 7260-999909-99909-99909250  511 21
02 7130 300406 10601 10001-99-9909 22
04 7060-999909-99909-99909290  511 23
10 7000 316401  9801  8001290  611 24
04 6800-999909-99909-99909260  621 25
04 6630-999909-99909-99909285  711 26
02 6570 368606  6801  8001-99-9909 27
04 6350-999909-99909-99909265  821 28
02 6200 416006  4601 15001-99-9909 29
04 5970-999909-99909-99909285  821 30
04 5500-999909-99909-99909270  911 31
02 5370-999909 -2101 19001-99-9909 32
04 5210-999909-99909-99909280 1021 33
10 5000 588001 -7301 12001275 1021 34
02 4880 606806 -8901 11001-99-9909 35
02 4750 627806 -8901 21001-99-9909 36
04 4700-999909-99909-99909260 1321 37
02 4470 674506-11501 19001-99-9909 38
04 4100-999909-99909-99909275 1711 39
10 4000 759001-16701 25001270 1721 40
02 3420 875006-23701 35001-99-9909 41
10 3000 969001-31101 24001265 2121 42
10 25001096001-40301 26001260 2321 43
02 24101120806-42301 26001-99-9909 44
04 2310-999909-99909-99909255 2121 45
04 2120-999909-99909-99909265 2411 46
02 21001212806-48101-99909-99-9909 47
25-9-9-9-9-9-99909 096 89999999999 48
ASTRAWXWXCSATEFLY   -9999-99999999 49
-9999-9999 200012450-9999115  9255 50
  810130 2120110 10 80999999999999 51
0230212511012845023041251901432899 52
*15999999999 238012590 0221117 118 49
1110150-999909 26001  3801120  911  2
1010000  12801 25001  2901120  911  3
02 9600  48206 21401   201-99-9909  4
04 9460-999909-99909-99909130  911  5
04 9340-999909-99909-99909140  911  6
10 9250  80801 20401  4201150  821  7
02 9060  98606 19401  4401-99-9909  8
10 8500 153401 15401  2901185  511  9
02 8410 162306 15401  6001-99-9909 10
02 7910 213906 12801  6001-99-9909 11
02 7820 223506 12601 10001230  711 12
02 7530 254906 10601  4501-99-9909 13
02 7360 274106 11001 10001-99-9909 14
04 7290-999909-99909-99909240  711 15
02 7240 287606 10001  4101-99-9909 16
04 7010-999909-99909-99909270  821 17
10 7000 316301  8601  4801270  821 18
02 6540 372106  6001  6001-99-9909 19
04 6460-999909-99909-99909260  921 20
04 6300-999909-99909-99909275 1121 21
02 6100 429006  4601 16001-99-9909 22
04 6090-999909-99909-99909275 1211 23
02 5730 479306  1401 17001-99-9909 24
04 5510-999909-99909-99909255 1311 25
02 5300-999909 -3901 15001-99-9909 26
10 5000 588001 -8101  7001275 1421 27
02 4890 605206 -9701  6001-99-9909 28
04 4540-999909-99909-99909285 2021 29
02 4280 707206-14301 26001-99-9909 30
02 4050 749106-15901 32001-99-9909 31
10 4000 758001-16701 30001265 2211 32
04 3990-999909-99909-99909265 2211 33
02 3320 895506-25501 34001-99-9909 34
04 3210-999909-99909-99909270 2421 35
10 3000 968001-31301 25001260 2611 36
02 27901019006-34501 26001-99-9909 37
04 2730-999909-99909-99909255 2621 38
10 25001095001-40901 25001260 2621 39
02 23001151106-45301 26001-99-9909 40
04 2260-999909-99909-99909280 2611 41
04 2010-999909-99909-99909275 2711 42
10 20001243001-50901-99909-99-9909 43
02 19901246206-51101-99909-99-9909 44
25-9-9-9-9-9-99909 096 89999999999 45
ASTRAWXWXCSATEFLY   -9999-99999999 46
-9999-9999-9999-9999-9999120  8260 47
 1110130 2010120  8 85999999999999 48
0238212593011831023841260501334199 49
*15999999999 247012680 0221117 1 7 50
1110150-999909 25601  4501135  721  2
0410070-999909-99909-99909130  911  3
1010000  13201 24401  4001135  821  4
02 9420  64806 19401   801-99-9909  5
10 9250  81001 18601  1401145  921  6
04 9180-999909-99909-99909145 1011  7
04 8930-999909-99909-99909150  721  8
10 8500 153201 14801  3201180  721  9
04 8300-999909-99909-99909195  711 10
02 8140 189606 14601  8001-99-9909 11
04 8060-999909-99909-99909165  611 12
02 7790 226406 12201  6001-99-9909 13
04 7770-999909-99909-99909210  511 14
02 7660 240506 12401 10001-99-9909 15
02 7330 276906  9601  6001220  521 16
04 7130-999909-99909-99909210  811 17
02 7030 311206  7601 11001-99-9909 18
10 7000 315901  7401  9001225 1011 19
02 6780 342006  4801   601-99-9909 20
04 6750-999909-99909-99909250 1011 21
04 6370-999909-99909-99909245 1411 22
02 6010 439906  1801  5001-99-9909 23
04 5960-999909-99909-99909265 1621 24
02 5940 449406  1801 11001-99-9909 25
02 5830 464506  1401 12001-99-9909 26
10 5000 586001 -8901  7001265 2021 27
04 4800-999909-99909-99909265 2121 28
02 4730 628606-12501  6001-99-9909 29
02 4690 635106-12501  9001-99-9909 30
02 4650 641806-11301 28001-99-9909 31
02 4610 648506-10901 24001-99-9909 32
02 4530 661906-12101 16001-99-9909 33
02 4420 680606-13101 39001-99-9909 34
02 4370 689206-13901 16001-99-9909 35
04 4320-999909-99909-99909280 2121 36
02 4310 699806-13901 42003-99-9909 37
10 4000 756001-16901 37001275 2121 38
02 3260 906706-26101 31001-99-9909 39
15 3110-999909-99909-99909265 3111 40
10 3000 966001-30901 26001265 3021 41
10 25001092001-41301 27001265 2921 42
02 23101145106-45301 26001-99-9909 43
04 2020-999909-99909-99909265 3011 44
10 20001240001-51501-99909-99-9909 45
25-9-9-9-9-9-99909 096 89999999999 46
ASTRAWXWXCSATEFLY   -9999-99999999 47
-9999-9999-9999-9999-9999130  8255 48
 1310140 2020130  8 80999999999999 49
0246712681010710024701269401221399 50
*15999999999 249012400 0221117 032 48
1110140-999909 26001  3901-99-9909  2
0410120-999909-99909-99909160  611  3
1010000  11901 24801  3501165  521  4
04 9690-999909-99909-99909175  611  5
04 9330-999909-99909-99909195  911  6
10 9250  79901 19401  2701190  821  7
04 8870-999909-99909-99909175  811  8
10 8500 152201 14801   901195  821  9
04 8280-999909-99909-99909205  811 10
04 7920-999909-99909-99909200  521 11
04 7600-999909-99909-99909240  511 12
04 7450-999909-99909-99909275  621 13
04 7250-999909-99909-99909270  611 14
04 7190-999909-99909-99909280  621 15
10 7000 315101  7601   401270 1011 16
02 6710 349706  5801   101-99-9909 17
02 6540 370706  5801  9001-99-9909 18
04 6290-999909-99909-99909260 1411 19
02 6200 414106  3601 11001-99-9909 20
02 5950 447106  1001  6001-99-9909 21
04 5660-999909-99909-99909285 1511 22
02 5610 494406  -501 12001-99-9909 23
10 5000 586001 -8701  7001270 1911 24
02 4860 607906-10701  4701-99-9909 25
02 4730 628606-12501  6001-99-9909 26
04 4690-999909-99909-99909270 2311 27
02 4630 645106-12101 26001-99-9909 28
04 4430-999909-99909-99909280 1621 29
02 4100 737506-16101 37003-99-9909 30
10 4000 755001-17501 32001275 2321 31
04 3900-999909-99909-99909270 2511 32
04 3420-999909-99909-99909260 2711 33
02 3400 874906-24701 32001-99-9909 34
10 3000 965001-30701 34001270 2921 35
02 2970 972106-31101 33001-99-9909 36
04 2820-999909-99909-99909280 2911 37
10 25001092001-41301 26001275 2811 38
02 23001148106-45101 25001-99-9909 39
02 21001208006-50301-99909-99-9909 40
15 2010-999909-99909-99909280 3021 41
10 20001239001-51301-99909-99-9909 42
02 19901242206-51501-99909-99-9909 43
25-9-9-9-9-9-99909 096 89999999999 44
ASTRAWXWXCSATEFLY   -9999-99999999 45
-9999-9999-9999-9999   13170  6265 46
 1410120 2010-99-99-99999999999999 47
0249312401003254024941241400471699 48
*15999999999 251012540 0221117 042 53
1110150-999909 25601  4401125 1111  2
1010000  13401 24401  3501125 1111  3
04 9780-999909-99909-99909120 1111  4
04 9430-999909-99909-99909135 1121  5
10 9250  81201 19001  1101140 1011  6
10 8500 153501 14401   101170  821  7
04 7750-999909-99909-99909220 1021  8
04 7430-999909-99909-99909205  611  9
04 7240-999909-99909-99909225  311 10
10 7000 316001  7401   001260  621 11
04 6920-999909-99909-99909265  821 12
04 6740-999909-99909-99909235  911 13
04 6460-999909-99909-99909250 1411 14
02 6410 387906  4401   101-99-9909 15
02 6240 409706  3401  2401-99-9909 16
02 6020 438506  1401  1701255 1311 17
02 5940 449506  1801  5001-99-9909 18
02 5870 458806   601  3801-99-9909 19
04 5820-999909-99909-99909275 1311 20
02 5770 472906  1001 12001-99-9909 21
04 5630-999909-99909-99909270 1521 22
02 5580 499206 -1701  8001-99-9909 23
04 5520-999909-99909-99909280 2111 24
02 5510 509306 -1901 13001-99-9909 25
02 5310-999909 -4701 11001-99-9909 26
02 5040-999909 -8701  3101-99-9909 27
10 5000 587001 -8701  7001265 2021 28
04 4990-999909-99909-99909265 2011 29
02 4980 590106 -8901 10001-99-9909 30
02 4790 620006-11501  9001-99-9909 31
02 4730 629706-11501 18001-99-9909 32
02 4610 649406-12701 30001-99-9909 33
02 4440 677906-14701 17001-99-9909 34
02 4400 684906-14501 28001-99-9909 35
04 4390-999909-99909-99909285 2321 36
02 4280 705906-15101  4101-99-9909 37
02 4240 713006-15501  6001-99-9909 38
02 4180 723906-15301 45003-99-9909 39
10 4000 756001-17101 38001275 2711 40
02 3650 824306-19501 36001-99-9909 41
15 3410-999909-99909-99909265 3021 42
02 3140 933806-27501 37001-99-9909 43
10 3000 967001-30301 34001270 2921 44
10 25001094001-41101 27001270 2811 45
02 22901153106-45101 25001-99-9909 46
04 2010-999909-99909-99909265 3011 47
10 20001242001-50701-99909-99-9909 48
25-9-9-9-9-9-99909 096 89999999999 49
ASTRAWXWXCSATEFLY   -9999-99999999 50
-9999-9999-9999-9999-9999125 11260 51
 1310140 2010130 11 86999999999999 52
0250812544004231025091255800571199 53
*15999999999 252012610 0221117 046 57
1110150-999909 25601  4601-99-9909  2
0410130-999909-99909-99909145 1121  3
0410110-999909-99909-99909130  811  4
1010000  12901 24201  4101130  921  5
04 9830-999909-99909-99909135 1021  6
02 9420  64506 19401   501-99-9909  7
10 9250  80601 18601   201150  921  8
04 9140-999909-99909-99909150  921  9
04 9040-999909-99909-99909150 1211 10
04 8950-999909-99909-99909155  921 11
04 8690-999909-99909-99909175 1111 12
02 8620 140406 14601   701-99-9909 13
10 8500 152901 14801  3201170  621 14
04 8230-999909-99909-99909160  621 15
04 7970-999909-99909-99909210  621 16
04 7770-999909-99909-99909195  711 17
02 7740 231306 11201  4501-99-9909 18
02 7560 250806  9601  1101-99-9909 19
04 7500-999909-99909-99909210  711 20
04 7320-999909-99909-99909200  921 21
02 7270 282906  7001   401-99-9909 22
04 7140-999909-99909-99909215 1011 23
10 7000 315001  7401   101245  921 24
02 6990 316106  7401   101-99-9909 25
04 6920-999909-99909-99909250  921 26
04 6500-999909-99909-99909250 1111 27
02 6440 383006  3801   101-99-9909 28
02 6320 398306  3601  3001-99-9909 29
04 6090-999909-99909-99909275 1711 30
02 5860 458906  -701  3701-99-9909 31
02 5740 475606  -701  8001-99-9909 32
02 5550 502206 -2701  6001-99-9909 33
10 5000 585001 -8501 12001265 1911 34
02 4920 597406 -9301 16001-99-9909 35
04 4910-999909-99909-99909260 2011 36
02 4720 629406-10901 14001-99-9909 37
02 4660 639206-11701  8001-99-9909 38
02 4610 647406-12301 12001-99-9909 39
02 4570 654106-12501 23001-99-9909 40
02 4500 666006-12501 33001-99-9909 41
04 4430-999909-99909-99909285 2211 42
02 4280 704306-13501 37001-99-9909 43
10 4000 755001-17701 33001270 2411 44
02 3320 892406-24901 33001-99-9909 45
04 3260-999909-99909-99909260 3111 46
10 3000 965001-30901 33001265 3111 47
10 25001092001-41501 27001270 3121 48
02 23001147906-46101 24001-99-9909 49
15 2010-999909-99909-99909275 3211 50
10 20001239001-52101-99909-99-9909 51
02 19901242206-52301-99909-99-9909 52
25-9-9-9-9-9-99909 096 89999999999 53
ASTRAWXWXCSATEFLY   -9999-99999999 54
-9999-9999-9999-9999   13135 10255 55
 1310130 2010-99-99-99999999999999 56
0251912607004637025211262001011599 57
*15999999999 254012720 0221117 054 51
1110160-999909 25001  4401-99-9909  2
0410140-999909-99909-99909125  821  3
1010000  13601 23801  4001130 1011  4
04 9630-999909-99909-99909135 1021  5
02 9560  52406 20201  2101-99-9909  6
02 9310  75306 20201  7001-99-9909  7
10 9250  81301 20001  8001150  711  8
04 8990-999909-99909-99909165  521  9
04 8800-999909-99909-99909175  611 10
02 8630 140406 16001  4401-99-9909 11
10 8500 153701 15401  7001155  821 12
04 8070-999909-99909-99909155 1021 13
04 7930-999909-99909-99909140  721 14
02 7870 218406 12401  6001-99-9909 15
04 7670-999909-99909-99909135  621 16
04 7460-999909-99909-99909135  621 17
02 7400 269306  8401  6001-99-9909 18
04 7380-999909-99909-99909155  621 19
02 7320 278306  7801  2701-99-9909 20
02 7230 288506  7601  8001-99-9909 21
04 7030-999909-99909-99909175  921 22
10 7000 315801  5601  3201180 1011 23
02 6880 329806  4601  1901-99-9909 24
04 6630-999909-99909-99909235 1321 25
02 6080 429706   401   101-99-9909 26
02 5820 464806  -501  2501-99-9909 27
02 5480-999909 -4101  3001-99-9909 28
02 5080-999909 -9301   301-99-9909 29
10 5000 585001 -8901  4001260 2021 30
02 4990 586506 -8901  4101-99-9909 31
04 4910-999909-99909-99909260 2121 32
02 4870 605306 -9501  4101-99-9909 33
04 4550-999909-99909-99909265 1621 34
02 4420 679406-13901  6001-99-9909 35
02 4330 695306-13701 23001275 2211 36
02 4280 704106-13901 37001-99-9909 37
10 4000 755001-18101 33001275 2611 38
02 3890 775706-19701 32001-99-9909 39
04 3230-999909-99909-99909265 3511 40
02 3220 914206-26701 32001-99-9909 41
10 3000 965001-31101 28001265 3521 42
10 25001091001-41101 29001265 3411 43
02 23001147106-44901 26001-99-9909 44
04 2020-999909-99909-99909265 3411 45
10 20001239001-50901-99909-99-9909 46
25-9-9-9-9-9-99909 096 89999999999 47
ASTRAWXWXCSATEFLY   -9999-99999999 48
-9999-9999-9999-9999   13130  9250 49
 1310140 2020-99-99-99999999999999 50
0254012725005430025441273801092299 51
